(kicad_pcb (version 20171130) (host pcbnew "(5.0.0)")

  (general
    (thickness 1.6)
    (drawings 6)
    (tracks 226)
    (zones 0)
    (modules 203)
    (nets 106)
  )

  (page A4)
  (layers
    (0 F.Cu signal)
    (31 B.Cu signal)
    (32 B.Adhes user)
    (33 F.Adhes user)
    (34 B.Paste user)
    (35 F.Paste user)
    (36 B.SilkS user)
    (37 F.SilkS user)
    (38 B.Mask user)
    (39 F.Mask user)
    (40 Dwgs.User user)
    (41 Cmts.User user)
    (42 Eco1.User user)
    (43 Eco2.User user)
    (44 Edge.Cuts user)
    (45 Margin user)
    (46 B.CrtYd user)
    (47 F.CrtYd user)
    (48 B.Fab user)
    (49 F.Fab user hide)
  )

  (setup
    (last_trace_width 0.3048)
    (user_trace_width 0.127)
    (user_trace_width 0.2032)
    (user_trace_width 0.3048)
    (user_trace_width 0.508)
    (user_trace_width 2)
    (user_trace_width 4)
    (user_trace_width 6)
    (user_trace_width 8)
    (trace_clearance 0.2)
    (zone_clearance 0.508)
    (zone_45_only no)
    (trace_min 0.127)
    (segment_width 0.2)
    (edge_width 0.15)
    (via_size 0.8)
    (via_drill 0.4)
    (via_min_size 0.6)
    (via_min_drill 0.3)
    (user_via 0.6 0.3)
    (user_via 0.8 0.4)
    (user_via 1 0.5)
    (user_via 1.2 0.6)
    (user_via 1.6 0.8)
    (user_via 1.8 1)
    (user_via 2 1.2)
    (uvia_size 0.3)
    (uvia_drill 0.1)
    (uvias_allowed no)
    (uvia_min_size 0.2)
    (uvia_min_drill 0.1)
    (pcb_text_width 0.3)
    (pcb_text_size 1.5 1.5)
    (mod_edge_width 0.15)
    (mod_text_size 1 1)
    (mod_text_width 0.15)
    (pad_size 1.524 1.524)
    (pad_drill 0.762)
    (pad_to_mask_clearance 0.2)
    (aux_axis_origin 0 0)
    (visible_elements 7FFFF7FF)
    (pcbplotparams
      (layerselection 0x010fc_ffffffff)
      (usegerberextensions false)
      (usegerberattributes false)
      (usegerberadvancedattributes false)
      (creategerberjobfile false)
      (excludeedgelayer true)
      (linewidth 0.100000)
      (plotframeref false)
      (viasonmask false)
      (mode 1)
      (useauxorigin false)
      (hpglpennumber 1)
      (hpglpenspeed 20)
      (hpglpendiameter 15.000000)
      (psnegative false)
      (psa4output false)
      (plotreference true)
      (plotvalue true)
      (plotinvisibletext false)
      (padsonsilk false)
      (subtractmaskfromsilk false)
      (outputformat 1)
      (mirror false)
      (drillshape 1)
      (scaleselection 1)
      (outputdirectory ""))
  )

  (net 0 "")
  (net 1 "Net-(C101-Pad1)")
  (net 2 GND)
  (net 3 "Net-(C102-Pad2)")
  (net 4 /psu_rails_left/Vreg+)
  (net 5 /psu_rails_left/Vreg-)
  (net 6 "Net-(C201-Pad1)")
  (net 7 "Net-(C202-Pad1)")
  (net 8 "Net-(C203-Pad1)")
  (net 9 "Net-(C204-Pad1)")
  (net 10 "Net-(C205-Pad1)")
  (net 11 "Net-(C206-Pad1)")
  (net 12 "Net-(C207-Pad2)")
  (net 13 "Net-(C207-Pad1)")
  (net 14 "Net-(C208-Pad2)")
  (net 15 "Net-(C208-Pad1)")
  (net 16 "Net-(C209-Pad1)")
  (net 17 "Net-(C209-Pad2)")
  (net 18 "Net-(C210-Pad1)")
  (net 19 "Net-(C211-Pad2)")
  (net 20 "Net-(C211-Pad1)")
  (net 21 "Net-(C212-Pad1)")
  (net 22 "Net-(C212-Pad2)")
  (net 23 "Net-(C213-Pad2)")
  (net 24 "Net-(C213-Pad1)")
  (net 25 "Net-(C215-Pad1)")
  (net 26 "Net-(C216-Pad1)")
  (net 27 "Net-(C217-Pad1)")
  (net 28 "Net-(C218-Pad1)")
  (net 29 "Net-(C218-Pad2)")
  (net 30 "Net-(C225-Pad1)")
  (net 31 "Net-(C226-Pad1)")
  (net 32 "Net-(C226-Pad2)")
  (net 33 "Net-(C229-Pad2)")
  (net 34 "Net-(C301-Pad1)")
  (net 35 "Net-(C302-Pad1)")
  (net 36 "Net-(C303-Pad1)")
  (net 37 "Net-(C304-Pad1)")
  (net 38 "Net-(C305-Pad1)")
  (net 39 "Net-(C306-Pad1)")
  (net 40 "Net-(C307-Pad1)")
  (net 41 "Net-(C307-Pad2)")
  (net 42 "Net-(C308-Pad2)")
  (net 43 "Net-(C308-Pad1)")
  (net 44 "Net-(C309-Pad1)")
  (net 45 "Net-(C309-Pad2)")
  (net 46 "Net-(C310-Pad1)")
  (net 47 "Net-(C311-Pad2)")
  (net 48 "Net-(C311-Pad1)")
  (net 49 "Net-(C312-Pad1)")
  (net 50 "Net-(C312-Pad2)")
  (net 51 "Net-(C313-Pad1)")
  (net 52 "Net-(C313-Pad2)")
  (net 53 "Net-(C315-Pad1)")
  (net 54 "Net-(C316-Pad1)")
  (net 55 "Net-(C317-Pad1)")
  (net 56 "Net-(C318-Pad2)")
  (net 57 "Net-(C318-Pad1)")
  (net 58 "Net-(C325-Pad1)")
  (net 59 "Net-(C326-Pad1)")
  (net 60 "Net-(C326-Pad2)")
  (net 61 "Net-(C329-Pad2)")
  (net 62 "Net-(C401-Pad1)")
  (net 63 "Net-(C402-Pad2)")
  (net 64 /left_channel/V+)
  (net 65 /left_channel/V-)
  (net 66 "Net-(C501-Pad1)")
  (net 67 "Net-(C502-Pad2)")
  (net 68 /right_channel/V+)
  (net 69 /right_channel/V-)
  (net 70 "Net-(D101-Pad2)")
  (net 71 "Net-(D102-Pad1)")
  (net 72 "Net-(D103-Pad2)")
  (net 73 "Net-(D104-Pad1)")
  (net 74 /left_channel/IN)
  (net 75 /right_channel/IN)
  (net 76 /left_channel/OUT)
  (net 77 /right_channel/OUT)
  (net 78 "Net-(Q201-Pad2)")
  (net 79 "Net-(Q201-Pad3)")
  (net 80 "Net-(Q301-Pad3)")
  (net 81 "Net-(Q301-Pad2)")
  (net 82 "Net-(Q401-Pad3)")
  (net 83 "Net-(Q401-Pad5)")
  (net 84 "Net-(Q401-Pad2)")
  (net 85 "Net-(Q401-Pad6)")
  (net 86 "Net-(Q501-Pad6)")
  (net 87 "Net-(Q501-Pad2)")
  (net 88 "Net-(Q501-Pad5)")
  (net 89 "Net-(Q501-Pad3)")
  (net 90 "Net-(R217-Pad1)")
  (net 91 "Net-(R220-Pad1)")
  (net 92 "Net-(R222-Pad1)")
  (net 93 "Net-(R224-Pad1)")
  (net 94 "Net-(R227-Pad2)")
  (net 95 "Net-(R228-Pad1)")
  (net 96 "Net-(R317-Pad1)")
  (net 97 "Net-(R320-Pad1)")
  (net 98 "Net-(R322-Pad1)")
  (net 99 "Net-(R324-Pad1)")
  (net 100 "Net-(R327-Pad2)")
  (net 101 "Net-(R328-Pad1)")
  (net 102 "Net-(RV201-Pad1)")
  (net 103 "Net-(RV201-Pad3)")
  (net 104 "Net-(RV301-Pad3)")
  (net 105 "Net-(RV301-Pad1)")

  (net_class Default "This is the default net class."
    (clearance 0.2)
    (trace_width 0.25)
    (via_dia 0.8)
    (via_drill 0.4)
    (uvia_dia 0.3)
    (uvia_drill 0.1)
    (add_net /left_channel/IN)
    (add_net /left_channel/OUT)
    (add_net /left_channel/V+)
    (add_net /left_channel/V-)
    (add_net /psu_rails_left/Vreg+)
    (add_net /psu_rails_left/Vreg-)
    (add_net /right_channel/IN)
    (add_net /right_channel/OUT)
    (add_net /right_channel/V+)
    (add_net /right_channel/V-)
    (add_net GND)
    (add_net "Net-(C101-Pad1)")
    (add_net "Net-(C102-Pad2)")
    (add_net "Net-(C201-Pad1)")
    (add_net "Net-(C202-Pad1)")
    (add_net "Net-(C203-Pad1)")
    (add_net "Net-(C204-Pad1)")
    (add_net "Net-(C205-Pad1)")
    (add_net "Net-(C206-Pad1)")
    (add_net "Net-(C207-Pad1)")
    (add_net "Net-(C207-Pad2)")
    (add_net "Net-(C208-Pad1)")
    (add_net "Net-(C208-Pad2)")
    (add_net "Net-(C209-Pad1)")
    (add_net "Net-(C209-Pad2)")
    (add_net "Net-(C210-Pad1)")
    (add_net "Net-(C211-Pad1)")
    (add_net "Net-(C211-Pad2)")
    (add_net "Net-(C212-Pad1)")
    (add_net "Net-(C212-Pad2)")
    (add_net "Net-(C213-Pad1)")
    (add_net "Net-(C213-Pad2)")
    (add_net "Net-(C215-Pad1)")
    (add_net "Net-(C216-Pad1)")
    (add_net "Net-(C217-Pad1)")
    (add_net "Net-(C218-Pad1)")
    (add_net "Net-(C218-Pad2)")
    (add_net "Net-(C225-Pad1)")
    (add_net "Net-(C226-Pad1)")
    (add_net "Net-(C226-Pad2)")
    (add_net "Net-(C229-Pad2)")
    (add_net "Net-(C301-Pad1)")
    (add_net "Net-(C302-Pad1)")
    (add_net "Net-(C303-Pad1)")
    (add_net "Net-(C304-Pad1)")
    (add_net "Net-(C305-Pad1)")
    (add_net "Net-(C306-Pad1)")
    (add_net "Net-(C307-Pad1)")
    (add_net "Net-(C307-Pad2)")
    (add_net "Net-(C308-Pad1)")
    (add_net "Net-(C308-Pad2)")
    (add_net "Net-(C309-Pad1)")
    (add_net "Net-(C309-Pad2)")
    (add_net "Net-(C310-Pad1)")
    (add_net "Net-(C311-Pad1)")
    (add_net "Net-(C311-Pad2)")
    (add_net "Net-(C312-Pad1)")
    (add_net "Net-(C312-Pad2)")
    (add_net "Net-(C313-Pad1)")
    (add_net "Net-(C313-Pad2)")
    (add_net "Net-(C315-Pad1)")
    (add_net "Net-(C316-Pad1)")
    (add_net "Net-(C317-Pad1)")
    (add_net "Net-(C318-Pad1)")
    (add_net "Net-(C318-Pad2)")
    (add_net "Net-(C325-Pad1)")
    (add_net "Net-(C326-Pad1)")
    (add_net "Net-(C326-Pad2)")
    (add_net "Net-(C329-Pad2)")
    (add_net "Net-(C401-Pad1)")
    (add_net "Net-(C402-Pad2)")
    (add_net "Net-(C501-Pad1)")
    (add_net "Net-(C502-Pad2)")
    (add_net "Net-(D101-Pad2)")
    (add_net "Net-(D102-Pad1)")
    (add_net "Net-(D103-Pad2)")
    (add_net "Net-(D104-Pad1)")
    (add_net "Net-(Q201-Pad2)")
    (add_net "Net-(Q201-Pad3)")
    (add_net "Net-(Q301-Pad2)")
    (add_net "Net-(Q301-Pad3)")
    (add_net "Net-(Q401-Pad2)")
    (add_net "Net-(Q401-Pad3)")
    (add_net "Net-(Q401-Pad5)")
    (add_net "Net-(Q401-Pad6)")
    (add_net "Net-(Q501-Pad2)")
    (add_net "Net-(Q501-Pad3)")
    (add_net "Net-(Q501-Pad5)")
    (add_net "Net-(Q501-Pad6)")
    (add_net "Net-(R217-Pad1)")
    (add_net "Net-(R220-Pad1)")
    (add_net "Net-(R222-Pad1)")
    (add_net "Net-(R224-Pad1)")
    (add_net "Net-(R227-Pad2)")
    (add_net "Net-(R228-Pad1)")
    (add_net "Net-(R317-Pad1)")
    (add_net "Net-(R320-Pad1)")
    (add_net "Net-(R322-Pad1)")
    (add_net "Net-(R324-Pad1)")
    (add_net "Net-(R327-Pad2)")
    (add_net "Net-(R328-Pad1)")
    (add_net "Net-(RV201-Pad1)")
    (add_net "Net-(RV201-Pad3)")
    (add_net "Net-(RV301-Pad1)")
    (add_net "Net-(RV301-Pad3)")
  )

  (module Package_SO:SOIC-8_3.9x4.9mm_P1.27mm (layer F.Cu) (tedit 5C97300E) (tstamp 5D72D3F7)
    (at 30.095 -16 270)
    (descr "SOIC, 8 Pin (JEDEC MS-012AA, https://www.analog.com/media/en/package-pcb-resources/package/pkg_pdf/soic_narrow-r/r_8.pdf), generated with kicad-footprint-generator ipc_gullwing_generator.py")
    (tags "SOIC SO")
    (path /5C72F90C/5CFDF7B0)
    (attr smd)
    (fp_text reference U201 (at 6 -2.405 270) (layer F.SilkS)
      (effects (font (size 1 1) (thickness 0.15)))
    )
    (fp_text value NE5532 (at 0 3.4 270) (layer F.Fab)
      (effects (font (size 1 1) (thickness 0.15)))
    )
    (fp_line (start 0 2.56) (end 1.95 2.56) (layer F.SilkS) (width 0.12))
    (fp_line (start 0 2.56) (end -1.95 2.56) (layer F.SilkS) (width 0.12))
    (fp_line (start 0 -2.56) (end 1.95 -2.56) (layer F.SilkS) (width 0.12))
    (fp_line (start 0 -2.56) (end -3.45 -2.56) (layer F.SilkS) (width 0.12))
    (fp_line (start -0.975 -2.45) (end 1.95 -2.45) (layer F.Fab) (width 0.1))
    (fp_line (start 1.95 -2.45) (end 1.95 2.45) (layer F.Fab) (width 0.1))
    (fp_line (start 1.95 2.45) (end -1.95 2.45) (layer F.Fab) (width 0.1))
    (fp_line (start -1.95 2.45) (end -1.95 -1.475) (layer F.Fab) (width 0.1))
    (fp_line (start -1.95 -1.475) (end -0.975 -2.45) (layer F.Fab) (width 0.1))
    (fp_line (start -3.7 -2.7) (end -3.7 2.7) (layer F.CrtYd) (width 0.05))
    (fp_line (start -3.7 2.7) (end 3.7 2.7) (layer F.CrtYd) (width 0.05))
    (fp_line (start 3.7 2.7) (end 3.7 -2.7) (layer F.CrtYd) (width 0.05))
    (fp_line (start 3.7 -2.7) (end -3.7 -2.7) (layer F.CrtYd) (width 0.05))
    (fp_text user %R (at 0 0 270) (layer F.Fab)
      (effects (font (size 0.98 0.98) (thickness 0.15)))
    )
    (pad 1 smd roundrect (at -2.475 -1.905 270) (size 1.95 0.6) (layers F.Cu F.Paste F.Mask) (roundrect_rratio 0.25)
      (net 23 "Net-(C213-Pad2)"))
    (pad 2 smd roundrect (at -2.475 -0.635 270) (size 1.95 0.6) (layers F.Cu F.Paste F.Mask) (roundrect_rratio 0.25)
      (net 13 "Net-(C207-Pad1)"))
    (pad 3 smd roundrect (at -2.475 0.635 270) (size 1.95 0.6) (layers F.Cu F.Paste F.Mask) (roundrect_rratio 0.25)
      (net 79 "Net-(Q201-Pad3)"))
    (pad 4 smd roundrect (at -2.475 1.905 270) (size 1.95 0.6) (layers F.Cu F.Paste F.Mask) (roundrect_rratio 0.25)
      (net 65 /left_channel/V-))
    (pad 5 smd roundrect (at 2.475 1.905 270) (size 1.95 0.6) (layers F.Cu F.Paste F.Mask) (roundrect_rratio 0.25)
      (net 18 "Net-(C210-Pad1)"))
    (pad 6 smd roundrect (at 2.475 0.635 270) (size 1.95 0.6) (layers F.Cu F.Paste F.Mask) (roundrect_rratio 0.25)
      (net 15 "Net-(C208-Pad1)"))
    (pad 7 smd roundrect (at 2.475 -0.635 270) (size 1.95 0.6) (layers F.Cu F.Paste F.Mask) (roundrect_rratio 0.25)
      (net 14 "Net-(C208-Pad2)"))
    (pad 8 smd roundrect (at 2.475 -1.905 270) (size 1.95 0.6) (layers F.Cu F.Paste F.Mask) (roundrect_rratio 0.25)
      (net 64 /left_channel/V+))
    (model ${KISYS3DMOD}/Package_SO.3dshapes/SOIC-8_3.9x4.9mm_P1.27mm.wrl
      (at (xyz 0 0 0))
      (scale (xyz 1 1 1))
      (rotate (xyz 0 0 0))
    )
  )

  (module actidamp-mk4-smd:MiniXLR_TRAPC3M1X (layer F.Cu) (tedit 5D7045CE) (tstamp 5E2B26DF)
    (at 3.5 46.5 90)
    (path /5D6CCF9D)
    (fp_text reference J101 (at 0 7.874 90) (layer F.SilkS)
      (effects (font (size 1 1) (thickness 0.15)))
    )
    (fp_text value XLR3 (at 0 5.461 90) (layer F.Fab)
      (effects (font (size 1 1) (thickness 0.15)))
    )
    (fp_line (start -6.858 12.954) (end 6.858 12.954) (layer F.SilkS) (width 0.15))
    (fp_line (start -6.858 1.778) (end -6.858 12.954) (layer F.SilkS) (width 0.15))
    (fp_line (start 6.858 1.778) (end 6.858 12.954) (layer F.SilkS) (width 0.15))
    (fp_line (start 6.858 -3.429) (end 6.858 -1.905) (layer F.SilkS) (width 0.15))
    (fp_line (start -6.858 -3.429) (end -6.858 -1.905) (layer F.SilkS) (width 0.15))
    (fp_line (start -6.731 -3.429) (end -6.731 -1.905) (layer F.CrtYd) (width 0.15))
    (fp_line (start 6.731 -3.429) (end 6.731 -1.905) (layer F.CrtYd) (width 0.15))
    (fp_line (start 5.588 -10.541) (end 5.588 -3.429) (layer F.CrtYd) (width 0.15))
    (fp_line (start -5.588 -10.541) (end 5.588 -10.541) (layer F.CrtYd) (width 0.15))
    (fp_line (start -5.588 -3.429) (end -5.588 -10.541) (layer F.CrtYd) (width 0.15))
    (fp_text user "Body edge v" (at 0.127 -4.064 90) (layer F.CrtYd)
      (effects (font (size 0.492 0.492) (thickness 0.0738)))
    )
    (fp_line (start 6.731 -3.429) (end -6.731 -3.429) (layer F.CrtYd) (width 0.15))
    (pad "" thru_hole circle (at 5.969 0 90) (size 3.81 3.81) (drill 1.778) (layers *.Cu *.Mask))
    (pad "" thru_hole circle (at -5.969 0 90) (size 3.81 3.81) (drill 1.778) (layers *.Cu *.Mask))
    (pad 2 thru_hole circle (at -2.54 2.794 90) (size 2.159 2.159) (drill 1.016) (layers *.Cu *.Mask)
      (net 70 "Net-(D101-Pad2)"))
    (pad 1 thru_hole circle (at 2.54 2.794 90) (size 2.159 2.159) (drill 1.016) (layers *.Cu *.Mask)
      (net 71 "Net-(D102-Pad1)"))
    (pad 3 thru_hole circle (at 0 2.794 90) (size 2.159 2.159) (drill 1.016) (layers *.Cu *.Mask)
      (net 2 GND))
  )

  (module Capacitor_SMD:CP_Elec_8x10.5 (layer F.Cu) (tedit 5BCA39D0) (tstamp 5D7066AF)
    (at -94.674999 86.770001)
    (descr "SMD capacitor, aluminum electrolytic, Vishay 0810, 8.0x10.5mm, http://www.vishay.com/docs/28395/150crz.pdf")
    (tags "capacitor electrolytic")
    (path /5D8ED2A7)
    (attr smd)
    (fp_text reference C101 (at 0 -5.3) (layer F.SilkS)
      (effects (font (size 1 1) (thickness 0.15)))
    )
    (fp_text value 220u (at 0 5.3) (layer F.Fab)
      (effects (font (size 1 1) (thickness 0.15)))
    )
    (fp_circle (center 0 0) (end 4 0) (layer F.Fab) (width 0.1))
    (fp_line (start 4.25 -4.25) (end 4.25 4.25) (layer F.Fab) (width 0.1))
    (fp_line (start -3.25 -4.25) (end 4.25 -4.25) (layer F.Fab) (width 0.1))
    (fp_line (start -3.25 4.25) (end 4.25 4.25) (layer F.Fab) (width 0.1))
    (fp_line (start -4.25 -3.25) (end -4.25 3.25) (layer F.Fab) (width 0.1))
    (fp_line (start -4.25 -3.25) (end -3.25 -4.25) (layer F.Fab) (width 0.1))
    (fp_line (start -4.25 3.25) (end -3.25 4.25) (layer F.Fab) (width 0.1))
    (fp_line (start -3.562278 -1.5) (end -2.762278 -1.5) (layer F.Fab) (width 0.1))
    (fp_line (start -3.162278 -1.9) (end -3.162278 -1.1) (layer F.Fab) (width 0.1))
    (fp_line (start 4.36 4.36) (end 4.36 1.51) (layer F.SilkS) (width 0.12))
    (fp_line (start 4.36 -4.36) (end 4.36 -1.51) (layer F.SilkS) (width 0.12))
    (fp_line (start -3.295563 -4.36) (end 4.36 -4.36) (layer F.SilkS) (width 0.12))
    (fp_line (start -3.295563 4.36) (end 4.36 4.36) (layer F.SilkS) (width 0.12))
    (fp_line (start -4.36 3.295563) (end -4.36 1.51) (layer F.SilkS) (width 0.12))
    (fp_line (start -4.36 -3.295563) (end -4.36 -1.51) (layer F.SilkS) (width 0.12))
    (fp_line (start -4.36 -3.295563) (end -3.295563 -4.36) (layer F.SilkS) (width 0.12))
    (fp_line (start -4.36 3.295563) (end -3.295563 4.36) (layer F.SilkS) (width 0.12))
    (fp_line (start -5.6 -2.51) (end -4.6 -2.51) (layer F.SilkS) (width 0.12))
    (fp_line (start -5.1 -3.01) (end -5.1 -2.01) (layer F.SilkS) (width 0.12))
    (fp_line (start 4.5 -4.5) (end 4.5 -1.5) (layer F.CrtYd) (width 0.05))
    (fp_line (start 4.5 -1.5) (end 6.15 -1.5) (layer F.CrtYd) (width 0.05))
    (fp_line (start 6.15 -1.5) (end 6.15 1.5) (layer F.CrtYd) (width 0.05))
    (fp_line (start 6.15 1.5) (end 4.5 1.5) (layer F.CrtYd) (width 0.05))
    (fp_line (start 4.5 1.5) (end 4.5 4.5) (layer F.CrtYd) (width 0.05))
    (fp_line (start -3.35 4.5) (end 4.5 4.5) (layer F.CrtYd) (width 0.05))
    (fp_line (start -3.35 -4.5) (end 4.5 -4.5) (layer F.CrtYd) (width 0.05))
    (fp_line (start -4.5 3.35) (end -3.35 4.5) (layer F.CrtYd) (width 0.05))
    (fp_line (start -4.5 -3.35) (end -3.35 -4.5) (layer F.CrtYd) (width 0.05))
    (fp_line (start -4.5 -3.35) (end -4.5 -1.5) (layer F.CrtYd) (width 0.05))
    (fp_line (start -4.5 1.5) (end -4.5 3.35) (layer F.CrtYd) (width 0.05))
    (fp_line (start -4.5 -1.5) (end -6.15 -1.5) (layer F.CrtYd) (width 0.05))
    (fp_line (start -6.15 -1.5) (end -6.15 1.5) (layer F.CrtYd) (width 0.05))
    (fp_line (start -6.15 1.5) (end -4.5 1.5) (layer F.CrtYd) (width 0.05))
    (fp_text user %R (at 0 0) (layer F.Fab)
      (effects (font (size 1 1) (thickness 0.15)))
    )
    (pad 1 smd roundrect (at -3.7 0) (size 4.4 2.5) (layers F.Cu F.Paste F.Mask) (roundrect_rratio 0.1)
      (net 1 "Net-(C101-Pad1)"))
    (pad 2 smd roundrect (at 3.7 0) (size 4.4 2.5) (layers F.Cu F.Paste F.Mask) (roundrect_rratio 0.1)
      (net 2 GND))
    (model ${KISYS3DMOD}/Capacitor_SMD.3dshapes/CP_Elec_8x10.5.wrl
      (at (xyz 0 0 0))
      (scale (xyz 1 1 1))
      (rotate (xyz 0 0 0))
    )
  )

  (module Capacitor_SMD:CP_Elec_8x10.5 (layer F.Cu) (tedit 5BCA39D0) (tstamp 5E2A7BB6)
    (at -94.674999 95.820001)
    (descr "SMD capacitor, aluminum electrolytic, Vishay 0810, 8.0x10.5mm, http://www.vishay.com/docs/28395/150crz.pdf")
    (tags "capacitor electrolytic")
    (path /5D8FE2D6)
    (attr smd)
    (fp_text reference C102 (at 0 -5.3) (layer F.SilkS)
      (effects (font (size 1 1) (thickness 0.15)))
    )
    (fp_text value 220u (at 0 5.3) (layer F.Fab)
      (effects (font (size 1 1) (thickness 0.15)))
    )
    (fp_text user %R (at 0 0) (layer F.Fab)
      (effects (font (size 1 1) (thickness 0.15)))
    )
    (fp_line (start -6.15 1.5) (end -4.5 1.5) (layer F.CrtYd) (width 0.05))
    (fp_line (start -6.15 -1.5) (end -6.15 1.5) (layer F.CrtYd) (width 0.05))
    (fp_line (start -4.5 -1.5) (end -6.15 -1.5) (layer F.CrtYd) (width 0.05))
    (fp_line (start -4.5 1.5) (end -4.5 3.35) (layer F.CrtYd) (width 0.05))
    (fp_line (start -4.5 -3.35) (end -4.5 -1.5) (layer F.CrtYd) (width 0.05))
    (fp_line (start -4.5 -3.35) (end -3.35 -4.5) (layer F.CrtYd) (width 0.05))
    (fp_line (start -4.5 3.35) (end -3.35 4.5) (layer F.CrtYd) (width 0.05))
    (fp_line (start -3.35 -4.5) (end 4.5 -4.5) (layer F.CrtYd) (width 0.05))
    (fp_line (start -3.35 4.5) (end 4.5 4.5) (layer F.CrtYd) (width 0.05))
    (fp_line (start 4.5 1.5) (end 4.5 4.5) (layer F.CrtYd) (width 0.05))
    (fp_line (start 6.15 1.5) (end 4.5 1.5) (layer F.CrtYd) (width 0.05))
    (fp_line (start 6.15 -1.5) (end 6.15 1.5) (layer F.CrtYd) (width 0.05))
    (fp_line (start 4.5 -1.5) (end 6.15 -1.5) (layer F.CrtYd) (width 0.05))
    (fp_line (start 4.5 -4.5) (end 4.5 -1.5) (layer F.CrtYd) (width 0.05))
    (fp_line (start -5.1 -3.01) (end -5.1 -2.01) (layer F.SilkS) (width 0.12))
    (fp_line (start -5.6 -2.51) (end -4.6 -2.51) (layer F.SilkS) (width 0.12))
    (fp_line (start -4.36 3.295563) (end -3.295563 4.36) (layer F.SilkS) (width 0.12))
    (fp_line (start -4.36 -3.295563) (end -3.295563 -4.36) (layer F.SilkS) (width 0.12))
    (fp_line (start -4.36 -3.295563) (end -4.36 -1.51) (layer F.SilkS) (width 0.12))
    (fp_line (start -4.36 3.295563) (end -4.36 1.51) (layer F.SilkS) (width 0.12))
    (fp_line (start -3.295563 4.36) (end 4.36 4.36) (layer F.SilkS) (width 0.12))
    (fp_line (start -3.295563 -4.36) (end 4.36 -4.36) (layer F.SilkS) (width 0.12))
    (fp_line (start 4.36 -4.36) (end 4.36 -1.51) (layer F.SilkS) (width 0.12))
    (fp_line (start 4.36 4.36) (end 4.36 1.51) (layer F.SilkS) (width 0.12))
    (fp_line (start -3.162278 -1.9) (end -3.162278 -1.1) (layer F.Fab) (width 0.1))
    (fp_line (start -3.562278 -1.5) (end -2.762278 -1.5) (layer F.Fab) (width 0.1))
    (fp_line (start -4.25 3.25) (end -3.25 4.25) (layer F.Fab) (width 0.1))
    (fp_line (start -4.25 -3.25) (end -3.25 -4.25) (layer F.Fab) (width 0.1))
    (fp_line (start -4.25 -3.25) (end -4.25 3.25) (layer F.Fab) (width 0.1))
    (fp_line (start -3.25 4.25) (end 4.25 4.25) (layer F.Fab) (width 0.1))
    (fp_line (start -3.25 -4.25) (end 4.25 -4.25) (layer F.Fab) (width 0.1))
    (fp_line (start 4.25 -4.25) (end 4.25 4.25) (layer F.Fab) (width 0.1))
    (fp_circle (center 0 0) (end 4 0) (layer F.Fab) (width 0.1))
    (pad 2 smd roundrect (at 3.7 0) (size 4.4 2.5) (layers F.Cu F.Paste F.Mask) (roundrect_rratio 0.1)
      (net 3 "Net-(C102-Pad2)"))
    (pad 1 smd roundrect (at -3.7 0) (size 4.4 2.5) (layers F.Cu F.Paste F.Mask) (roundrect_rratio 0.1)
      (net 2 GND))
    (model ${KISYS3DMOD}/Capacitor_SMD.3dshapes/CP_Elec_8x10.5.wrl
      (at (xyz 0 0 0))
      (scale (xyz 1 1 1))
      (rotate (xyz 0 0 0))
    )
  )

  (module Capacitor_SMD:C_1206_3216Metric_Pad1.42x1.75mm_HandSolder (layer F.Cu) (tedit 5B301BBE) (tstamp 5E2A7BC7)
    (at -135.254999 103.980001)
    (descr "Capacitor SMD 1206 (3216 Metric), square (rectangular) end terminal, IPC_7351 nominal with elongated pad for handsoldering. (Body size source: http://www.tortai-tech.com/upload/download/2011102023233369053.pdf), generated with kicad-footprint-generator")
    (tags "capacitor handsolder")
    (path /5D8EA64D)
    (attr smd)
    (fp_text reference C103 (at 0 -1.82) (layer F.SilkS)
      (effects (font (size 1 1) (thickness 0.15)))
    )
    (fp_text value 10u (at 0 1.82) (layer F.Fab)
      (effects (font (size 1 1) (thickness 0.15)))
    )
    (fp_line (start -1.6 0.8) (end -1.6 -0.8) (layer F.Fab) (width 0.1))
    (fp_line (start -1.6 -0.8) (end 1.6 -0.8) (layer F.Fab) (width 0.1))
    (fp_line (start 1.6 -0.8) (end 1.6 0.8) (layer F.Fab) (width 0.1))
    (fp_line (start 1.6 0.8) (end -1.6 0.8) (layer F.Fab) (width 0.1))
    (fp_line (start -0.602064 -0.91) (end 0.602064 -0.91) (layer F.SilkS) (width 0.12))
    (fp_line (start -0.602064 0.91) (end 0.602064 0.91) (layer F.SilkS) (width 0.12))
    (fp_line (start -2.45 1.12) (end -2.45 -1.12) (layer F.CrtYd) (width 0.05))
    (fp_line (start -2.45 -1.12) (end 2.45 -1.12) (layer F.CrtYd) (width 0.05))
    (fp_line (start 2.45 -1.12) (end 2.45 1.12) (layer F.CrtYd) (width 0.05))
    (fp_line (start 2.45 1.12) (end -2.45 1.12) (layer F.CrtYd) (width 0.05))
    (fp_text user %R (at 0 0) (layer F.Fab)
      (effects (font (size 0.8 0.8) (thickness 0.12)))
    )
    (pad 1 smd roundrect (at -1.4875 0) (size 1.425 1.75) (layers F.Cu F.Paste F.Mask) (roundrect_rratio 0.175439)
      (net 4 /psu_rails_left/Vreg+))
    (pad 2 smd roundrect (at 1.4875 0) (size 1.425 1.75) (layers F.Cu F.Paste F.Mask) (roundrect_rratio 0.175439)
      (net 2 GND))
    (model ${KISYS3DMOD}/Capacitor_SMD.3dshapes/C_1206_3216Metric.wrl
      (at (xyz 0 0 0))
      (scale (xyz 1 1 1))
      (rotate (xyz 0 0 0))
    )
  )

  (module Capacitor_SMD:C_1206_3216Metric_Pad1.42x1.75mm_HandSolder (layer F.Cu) (tedit 5B301BBE) (tstamp 5E2A7BD8)
    (at -100.374999 103.780001)
    (descr "Capacitor SMD 1206 (3216 Metric), square (rectangular) end terminal, IPC_7351 nominal with elongated pad for handsoldering. (Body size source: http://www.tortai-tech.com/upload/download/2011102023233369053.pdf), generated with kicad-footprint-generator")
    (tags "capacitor handsolder")
    (path /5D8FE2BC)
    (attr smd)
    (fp_text reference C104 (at 0 -1.82) (layer F.SilkS)
      (effects (font (size 1 1) (thickness 0.15)))
    )
    (fp_text value 10u (at 0 1.82) (layer F.Fab)
      (effects (font (size 1 1) (thickness 0.15)))
    )
    (fp_text user %R (at 0 0) (layer F.Fab)
      (effects (font (size 0.8 0.8) (thickness 0.12)))
    )
    (fp_line (start 2.45 1.12) (end -2.45 1.12) (layer F.CrtYd) (width 0.05))
    (fp_line (start 2.45 -1.12) (end 2.45 1.12) (layer F.CrtYd) (width 0.05))
    (fp_line (start -2.45 -1.12) (end 2.45 -1.12) (layer F.CrtYd) (width 0.05))
    (fp_line (start -2.45 1.12) (end -2.45 -1.12) (layer F.CrtYd) (width 0.05))
    (fp_line (start -0.602064 0.91) (end 0.602064 0.91) (layer F.SilkS) (width 0.12))
    (fp_line (start -0.602064 -0.91) (end 0.602064 -0.91) (layer F.SilkS) (width 0.12))
    (fp_line (start 1.6 0.8) (end -1.6 0.8) (layer F.Fab) (width 0.1))
    (fp_line (start 1.6 -0.8) (end 1.6 0.8) (layer F.Fab) (width 0.1))
    (fp_line (start -1.6 -0.8) (end 1.6 -0.8) (layer F.Fab) (width 0.1))
    (fp_line (start -1.6 0.8) (end -1.6 -0.8) (layer F.Fab) (width 0.1))
    (pad 2 smd roundrect (at 1.4875 0) (size 1.425 1.75) (layers F.Cu F.Paste F.Mask) (roundrect_rratio 0.175439)
      (net 5 /psu_rails_left/Vreg-))
    (pad 1 smd roundrect (at -1.4875 0) (size 1.425 1.75) (layers F.Cu F.Paste F.Mask) (roundrect_rratio 0.175439)
      (net 2 GND))
    (model ${KISYS3DMOD}/Capacitor_SMD.3dshapes/C_1206_3216Metric.wrl
      (at (xyz 0 0 0))
      (scale (xyz 1 1 1))
      (rotate (xyz 0 0 0))
    )
  )

  (module Capacitor_SMD:C_1206_3216Metric_Pad1.42x1.75mm_HandSolder (layer F.Cu) (tedit 5B301BBE) (tstamp 5E2A7BE9)
    (at -100.374999 101.490001)
    (descr "Capacitor SMD 1206 (3216 Metric), square (rectangular) end terminal, IPC_7351 nominal with elongated pad for handsoldering. (Body size source: http://www.tortai-tech.com/upload/download/2011102023233369053.pdf), generated with kicad-footprint-generator")
    (tags "capacitor handsolder")
    (path /5D8EA5F7)
    (attr smd)
    (fp_text reference C105 (at 0 -1.82) (layer F.SilkS)
      (effects (font (size 1 1) (thickness 0.15)))
    )
    (fp_text value 10u (at 0 1.82) (layer F.Fab)
      (effects (font (size 1 1) (thickness 0.15)))
    )
    (fp_text user %R (at 0 0) (layer F.Fab)
      (effects (font (size 0.8 0.8) (thickness 0.12)))
    )
    (fp_line (start 2.45 1.12) (end -2.45 1.12) (layer F.CrtYd) (width 0.05))
    (fp_line (start 2.45 -1.12) (end 2.45 1.12) (layer F.CrtYd) (width 0.05))
    (fp_line (start -2.45 -1.12) (end 2.45 -1.12) (layer F.CrtYd) (width 0.05))
    (fp_line (start -2.45 1.12) (end -2.45 -1.12) (layer F.CrtYd) (width 0.05))
    (fp_line (start -0.602064 0.91) (end 0.602064 0.91) (layer F.SilkS) (width 0.12))
    (fp_line (start -0.602064 -0.91) (end 0.602064 -0.91) (layer F.SilkS) (width 0.12))
    (fp_line (start 1.6 0.8) (end -1.6 0.8) (layer F.Fab) (width 0.1))
    (fp_line (start 1.6 -0.8) (end 1.6 0.8) (layer F.Fab) (width 0.1))
    (fp_line (start -1.6 -0.8) (end 1.6 -0.8) (layer F.Fab) (width 0.1))
    (fp_line (start -1.6 0.8) (end -1.6 -0.8) (layer F.Fab) (width 0.1))
    (pad 2 smd roundrect (at 1.4875 0) (size 1.425 1.75) (layers F.Cu F.Paste F.Mask) (roundrect_rratio 0.175439)
      (net 2 GND))
    (pad 1 smd roundrect (at -1.4875 0) (size 1.425 1.75) (layers F.Cu F.Paste F.Mask) (roundrect_rratio 0.175439)
      (net 4 /psu_rails_left/Vreg+))
    (model ${KISYS3DMOD}/Capacitor_SMD.3dshapes/C_1206_3216Metric.wrl
      (at (xyz 0 0 0))
      (scale (xyz 1 1 1))
      (rotate (xyz 0 0 0))
    )
  )

  (module Capacitor_SMD:C_1206_3216Metric_Pad1.42x1.75mm_HandSolder (layer F.Cu) (tedit 5B301BBE) (tstamp 5E2A7BFA)
    (at -135.254999 101.690001)
    (descr "Capacitor SMD 1206 (3216 Metric), square (rectangular) end terminal, IPC_7351 nominal with elongated pad for handsoldering. (Body size source: http://www.tortai-tech.com/upload/download/2011102023233369053.pdf), generated with kicad-footprint-generator")
    (tags "capacitor handsolder")
    (path /5D8FE2B6)
    (attr smd)
    (fp_text reference C106 (at 0 -1.82) (layer F.SilkS)
      (effects (font (size 1 1) (thickness 0.15)))
    )
    (fp_text value 10u (at 0 1.82) (layer F.Fab)
      (effects (font (size 1 1) (thickness 0.15)))
    )
    (fp_line (start -1.6 0.8) (end -1.6 -0.8) (layer F.Fab) (width 0.1))
    (fp_line (start -1.6 -0.8) (end 1.6 -0.8) (layer F.Fab) (width 0.1))
    (fp_line (start 1.6 -0.8) (end 1.6 0.8) (layer F.Fab) (width 0.1))
    (fp_line (start 1.6 0.8) (end -1.6 0.8) (layer F.Fab) (width 0.1))
    (fp_line (start -0.602064 -0.91) (end 0.602064 -0.91) (layer F.SilkS) (width 0.12))
    (fp_line (start -0.602064 0.91) (end 0.602064 0.91) (layer F.SilkS) (width 0.12))
    (fp_line (start -2.45 1.12) (end -2.45 -1.12) (layer F.CrtYd) (width 0.05))
    (fp_line (start -2.45 -1.12) (end 2.45 -1.12) (layer F.CrtYd) (width 0.05))
    (fp_line (start 2.45 -1.12) (end 2.45 1.12) (layer F.CrtYd) (width 0.05))
    (fp_line (start 2.45 1.12) (end -2.45 1.12) (layer F.CrtYd) (width 0.05))
    (fp_text user %R (at 0 0) (layer F.Fab)
      (effects (font (size 0.8 0.8) (thickness 0.12)))
    )
    (pad 1 smd roundrect (at -1.4875 0) (size 1.425 1.75) (layers F.Cu F.Paste F.Mask) (roundrect_rratio 0.175439)
      (net 2 GND))
    (pad 2 smd roundrect (at 1.4875 0) (size 1.425 1.75) (layers F.Cu F.Paste F.Mask) (roundrect_rratio 0.175439)
      (net 5 /psu_rails_left/Vreg-))
    (model ${KISYS3DMOD}/Capacitor_SMD.3dshapes/C_1206_3216Metric.wrl
      (at (xyz 0 0 0))
      (scale (xyz 1 1 1))
      (rotate (xyz 0 0 0))
    )
  )

  (module Capacitor_SMD:C_0603_1608Metric_Pad1.05x0.95mm_HandSolder (layer F.Cu) (tedit 5B301BBE) (tstamp 5D7211D9)
    (at 21 -33.5 90)
    (descr "Capacitor SMD 0603 (1608 Metric), square (rectangular) end terminal, IPC_7351 nominal with elongated pad for handsoldering. (Body size source: http://www.tortai-tech.com/upload/download/2011102023233369053.pdf), generated with kicad-footprint-generator")
    (tags "capacitor handsolder")
    (path /5C72F90C/5C7337F4)
    (attr smd)
    (fp_text reference C201 (at 4.5 0 90) (layer F.SilkS)
      (effects (font (size 1 1) (thickness 0.15)))
    )
    (fp_text value 100p (at 0 1.43 90) (layer F.Fab)
      (effects (font (size 1 1) (thickness 0.15)))
    )
    (fp_text user %R (at 0 0 90) (layer F.Fab)
      (effects (font (size 0.4 0.4) (thickness 0.06)))
    )
    (fp_line (start 1.65 0.73) (end -1.65 0.73) (layer F.CrtYd) (width 0.05))
    (fp_line (start 1.65 -0.73) (end 1.65 0.73) (layer F.CrtYd) (width 0.05))
    (fp_line (start -1.65 -0.73) (end 1.65 -0.73) (layer F.CrtYd) (width 0.05))
    (fp_line (start -1.65 0.73) (end -1.65 -0.73) (layer F.CrtYd) (width 0.05))
    (fp_line (start -0.171267 0.51) (end 0.171267 0.51) (layer F.SilkS) (width 0.12))
    (fp_line (start -0.171267 -0.51) (end 0.171267 -0.51) (layer F.SilkS) (width 0.12))
    (fp_line (start 0.8 0.4) (end -0.8 0.4) (layer F.Fab) (width 0.1))
    (fp_line (start 0.8 -0.4) (end 0.8 0.4) (layer F.Fab) (width 0.1))
    (fp_line (start -0.8 -0.4) (end 0.8 -0.4) (layer F.Fab) (width 0.1))
    (fp_line (start -0.8 0.4) (end -0.8 -0.4) (layer F.Fab) (width 0.1))
    (pad 2 smd roundrect (at 0.875 0 90) (size 1.05 0.95) (layers F.Cu F.Paste F.Mask) (roundrect_rratio 0.25)
      (net 2 GND))
    (pad 1 smd roundrect (at -0.875 0 90) (size 1.05 0.95) (layers F.Cu F.Paste F.Mask) (roundrect_rratio 0.25)
      (net 6 "Net-(C201-Pad1)"))
    (model ${KISYS3DMOD}/Capacitor_SMD.3dshapes/C_0603_1608Metric.wrl
      (at (xyz 0 0 0))
      (scale (xyz 1 1 1))
      (rotate (xyz 0 0 0))
    )
  )

  (module Capacitor_SMD:C_0603_1608Metric_Pad1.05x0.95mm_HandSolder (layer F.Cu) (tedit 5B301BBE) (tstamp 5D7210E9)
    (at 19 -33.5 90)
    (descr "Capacitor SMD 0603 (1608 Metric), square (rectangular) end terminal, IPC_7351 nominal with elongated pad for handsoldering. (Body size source: http://www.tortai-tech.com/upload/download/2011102023233369053.pdf), generated with kicad-footprint-generator")
    (tags "capacitor handsolder")
    (path /5C72F90C/5C7337ED)
    (attr smd)
    (fp_text reference C202 (at 4.5 0 90) (layer F.SilkS)
      (effects (font (size 1 1) (thickness 0.15)))
    )
    (fp_text value 220p (at 0 1.43 90) (layer F.Fab)
      (effects (font (size 1 1) (thickness 0.15)))
    )
    (fp_text user %R (at 0 0 90) (layer F.Fab)
      (effects (font (size 0.4 0.4) (thickness 0.06)))
    )
    (fp_line (start 1.65 0.73) (end -1.65 0.73) (layer F.CrtYd) (width 0.05))
    (fp_line (start 1.65 -0.73) (end 1.65 0.73) (layer F.CrtYd) (width 0.05))
    (fp_line (start -1.65 -0.73) (end 1.65 -0.73) (layer F.CrtYd) (width 0.05))
    (fp_line (start -1.65 0.73) (end -1.65 -0.73) (layer F.CrtYd) (width 0.05))
    (fp_line (start -0.171267 0.51) (end 0.171267 0.51) (layer F.SilkS) (width 0.12))
    (fp_line (start -0.171267 -0.51) (end 0.171267 -0.51) (layer F.SilkS) (width 0.12))
    (fp_line (start 0.8 0.4) (end -0.8 0.4) (layer F.Fab) (width 0.1))
    (fp_line (start 0.8 -0.4) (end 0.8 0.4) (layer F.Fab) (width 0.1))
    (fp_line (start -0.8 -0.4) (end 0.8 -0.4) (layer F.Fab) (width 0.1))
    (fp_line (start -0.8 0.4) (end -0.8 -0.4) (layer F.Fab) (width 0.1))
    (pad 2 smd roundrect (at 0.875 0 90) (size 1.05 0.95) (layers F.Cu F.Paste F.Mask) (roundrect_rratio 0.25)
      (net 2 GND))
    (pad 1 smd roundrect (at -0.875 0 90) (size 1.05 0.95) (layers F.Cu F.Paste F.Mask) (roundrect_rratio 0.25)
      (net 7 "Net-(C202-Pad1)"))
    (model ${KISYS3DMOD}/Capacitor_SMD.3dshapes/C_0603_1608Metric.wrl
      (at (xyz 0 0 0))
      (scale (xyz 1 1 1))
      (rotate (xyz 0 0 0))
    )
  )

  (module Capacitor_SMD:C_0603_1608Metric_Pad1.05x0.95mm_HandSolder (layer F.Cu) (tedit 5B301BBE) (tstamp 5D7210B9)
    (at 17 -33.5 90)
    (descr "Capacitor SMD 0603 (1608 Metric), square (rectangular) end terminal, IPC_7351 nominal with elongated pad for handsoldering. (Body size source: http://www.tortai-tech.com/upload/download/2011102023233369053.pdf), generated with kicad-footprint-generator")
    (tags "capacitor handsolder")
    (path /5C72F90C/5C7337C3)
    (attr smd)
    (fp_text reference C203 (at 4.5 0 90) (layer F.SilkS)
      (effects (font (size 1 1) (thickness 0.15)))
    )
    (fp_text value 330p (at 0 1.43 90) (layer F.Fab)
      (effects (font (size 1 1) (thickness 0.15)))
    )
    (fp_line (start -0.8 0.4) (end -0.8 -0.4) (layer F.Fab) (width 0.1))
    (fp_line (start -0.8 -0.4) (end 0.8 -0.4) (layer F.Fab) (width 0.1))
    (fp_line (start 0.8 -0.4) (end 0.8 0.4) (layer F.Fab) (width 0.1))
    (fp_line (start 0.8 0.4) (end -0.8 0.4) (layer F.Fab) (width 0.1))
    (fp_line (start -0.171267 -0.51) (end 0.171267 -0.51) (layer F.SilkS) (width 0.12))
    (fp_line (start -0.171267 0.51) (end 0.171267 0.51) (layer F.SilkS) (width 0.12))
    (fp_line (start -1.65 0.73) (end -1.65 -0.73) (layer F.CrtYd) (width 0.05))
    (fp_line (start -1.65 -0.73) (end 1.65 -0.73) (layer F.CrtYd) (width 0.05))
    (fp_line (start 1.65 -0.73) (end 1.65 0.73) (layer F.CrtYd) (width 0.05))
    (fp_line (start 1.65 0.73) (end -1.65 0.73) (layer F.CrtYd) (width 0.05))
    (fp_text user %R (at 0 0 90) (layer F.Fab)
      (effects (font (size 0.4 0.4) (thickness 0.06)))
    )
    (pad 1 smd roundrect (at -0.875 0 90) (size 1.05 0.95) (layers F.Cu F.Paste F.Mask) (roundrect_rratio 0.25)
      (net 8 "Net-(C203-Pad1)"))
    (pad 2 smd roundrect (at 0.875 0 90) (size 1.05 0.95) (layers F.Cu F.Paste F.Mask) (roundrect_rratio 0.25)
      (net 2 GND))
    (model ${KISYS3DMOD}/Capacitor_SMD.3dshapes/C_0603_1608Metric.wrl
      (at (xyz 0 0 0))
      (scale (xyz 1 1 1))
      (rotate (xyz 0 0 0))
    )
  )

  (module Capacitor_SMD:C_0603_1608Metric_Pad1.05x0.95mm_HandSolder (layer F.Cu) (tedit 5B301BBE) (tstamp 5D721089)
    (at 15 -33.5 90)
    (descr "Capacitor SMD 0603 (1608 Metric), square (rectangular) end terminal, IPC_7351 nominal with elongated pad for handsoldering. (Body size source: http://www.tortai-tech.com/upload/download/2011102023233369053.pdf), generated with kicad-footprint-generator")
    (tags "capacitor handsolder")
    (path /5C72F90C/5C7337CA)
    (attr smd)
    (fp_text reference C204 (at 4.5 0 90) (layer F.SilkS)
      (effects (font (size 1 1) (thickness 0.15)))
    )
    (fp_text value 470p (at 0 1.43 90) (layer F.Fab)
      (effects (font (size 1 1) (thickness 0.15)))
    )
    (fp_line (start -0.8 0.4) (end -0.8 -0.4) (layer F.Fab) (width 0.1))
    (fp_line (start -0.8 -0.4) (end 0.8 -0.4) (layer F.Fab) (width 0.1))
    (fp_line (start 0.8 -0.4) (end 0.8 0.4) (layer F.Fab) (width 0.1))
    (fp_line (start 0.8 0.4) (end -0.8 0.4) (layer F.Fab) (width 0.1))
    (fp_line (start -0.171267 -0.51) (end 0.171267 -0.51) (layer F.SilkS) (width 0.12))
    (fp_line (start -0.171267 0.51) (end 0.171267 0.51) (layer F.SilkS) (width 0.12))
    (fp_line (start -1.65 0.73) (end -1.65 -0.73) (layer F.CrtYd) (width 0.05))
    (fp_line (start -1.65 -0.73) (end 1.65 -0.73) (layer F.CrtYd) (width 0.05))
    (fp_line (start 1.65 -0.73) (end 1.65 0.73) (layer F.CrtYd) (width 0.05))
    (fp_line (start 1.65 0.73) (end -1.65 0.73) (layer F.CrtYd) (width 0.05))
    (fp_text user %R (at 0 0 90) (layer F.Fab)
      (effects (font (size 0.4 0.4) (thickness 0.06)))
    )
    (pad 1 smd roundrect (at -0.875 0 90) (size 1.05 0.95) (layers F.Cu F.Paste F.Mask) (roundrect_rratio 0.25)
      (net 9 "Net-(C204-Pad1)"))
    (pad 2 smd roundrect (at 0.875 0 90) (size 1.05 0.95) (layers F.Cu F.Paste F.Mask) (roundrect_rratio 0.25)
      (net 2 GND))
    (model ${KISYS3DMOD}/Capacitor_SMD.3dshapes/C_0603_1608Metric.wrl
      (at (xyz 0 0 0))
      (scale (xyz 1 1 1))
      (rotate (xyz 0 0 0))
    )
  )

  (module Capacitor_SMD:C_0603_1608Metric_Pad1.05x0.95mm_HandSolder (layer F.Cu) (tedit 5B301BBE) (tstamp 5D7211A9)
    (at 18.5 -9.125 270)
    (descr "Capacitor SMD 0603 (1608 Metric), square (rectangular) end terminal, IPC_7351 nominal with elongated pad for handsoldering. (Body size source: http://www.tortai-tech.com/upload/download/2011102023233369053.pdf), generated with kicad-footprint-generator")
    (tags "capacitor handsolder")
    (path /5C72F90C/5C733820)
    (attr smd)
    (fp_text reference C205 (at 4.125 0 270) (layer F.SilkS)
      (effects (font (size 1 1) (thickness 0.15)))
    )
    (fp_text value 15p (at 0 1.43 270) (layer F.Fab)
      (effects (font (size 1 1) (thickness 0.15)))
    )
    (fp_text user %R (at 0 0 270) (layer F.Fab)
      (effects (font (size 0.4 0.4) (thickness 0.06)))
    )
    (fp_line (start 1.65 0.73) (end -1.65 0.73) (layer F.CrtYd) (width 0.05))
    (fp_line (start 1.65 -0.73) (end 1.65 0.73) (layer F.CrtYd) (width 0.05))
    (fp_line (start -1.65 -0.73) (end 1.65 -0.73) (layer F.CrtYd) (width 0.05))
    (fp_line (start -1.65 0.73) (end -1.65 -0.73) (layer F.CrtYd) (width 0.05))
    (fp_line (start -0.171267 0.51) (end 0.171267 0.51) (layer F.SilkS) (width 0.12))
    (fp_line (start -0.171267 -0.51) (end 0.171267 -0.51) (layer F.SilkS) (width 0.12))
    (fp_line (start 0.8 0.4) (end -0.8 0.4) (layer F.Fab) (width 0.1))
    (fp_line (start 0.8 -0.4) (end 0.8 0.4) (layer F.Fab) (width 0.1))
    (fp_line (start -0.8 -0.4) (end 0.8 -0.4) (layer F.Fab) (width 0.1))
    (fp_line (start -0.8 0.4) (end -0.8 -0.4) (layer F.Fab) (width 0.1))
    (pad 2 smd roundrect (at 0.875 0 270) (size 1.05 0.95) (layers F.Cu F.Paste F.Mask) (roundrect_rratio 0.25)
      (net 2 GND))
    (pad 1 smd roundrect (at -0.875 0 270) (size 1.05 0.95) (layers F.Cu F.Paste F.Mask) (roundrect_rratio 0.25)
      (net 10 "Net-(C205-Pad1)"))
    (model ${KISYS3DMOD}/Capacitor_SMD.3dshapes/C_0603_1608Metric.wrl
      (at (xyz 0 0 0))
      (scale (xyz 1 1 1))
      (rotate (xyz 0 0 0))
    )
  )

  (module Capacitor_SMD:C_0603_1608Metric_Pad1.05x0.95mm_HandSolder (layer F.Cu) (tedit 5B301BBE) (tstamp 5D728AEE)
    (at 16 -12.875 270)
